$qlevel info---------
           2           2           1
          79
 -0.120000E-07 -0.106233E+01 -0.116233E+01  0.100000E+01  0.333333E+00
 -0.959848E-08 -0.106233E+01 -0.116233E+01  0.100000E+01  0.333333E+00
 -0.767726E-08 -0.106233E+01 -0.116233E+01  0.100000E+01  0.333333E+00
 -0.614029E-08 -0.106233E+01 -0.116233E+01  0.100000E+01  0.333333E+00
 -0.491071E-08 -0.106233E+01 -0.116233E+01  0.100000E+01  0.333333E+00
 -0.392704E-08 -0.106233E+01 -0.116233E+01  0.100000E+01  0.333333E+00
 -0.314011E-08 -0.106233E+01 -0.116233E+01  0.100000E+01  0.333333E+00
 -0.251057E-08 -0.106233E+01 -0.116233E+01  0.100000E+01  0.333333E+00
 -0.200693E-08 -0.106233E+01 -0.116233E+01  0.100000E+01  0.333333E+00
 -0.160402E-08 -0.106233E+01 -0.116233E+01  0.100000E+01  0.333333E+00
 -0.128170E-08 -0.106233E+01 -0.116233E+01  0.100000E+01  0.333333E+00
 -0.102384E-08 -0.106233E+01 -0.116233E+01  0.100000E+01  0.333333E+00
 -0.817546E-09 -0.106233E+01 -0.116233E+01  0.100000E+01  0.333333E+00
 -0.652515E-09 -0.106233E+01 -0.116233E+01  0.100000E+01  0.333333E+00
 -0.520490E-09 -0.106233E+01 -0.116233E+01  0.100000E+01  0.333333E+00
 -0.414870E-09 -0.106233E+01 -0.116233E+01  0.100000E+01  0.333333E+00
 -0.330373E-09 -0.106233E+01 -0.116233E+01  0.100000E+01  0.333333E+00
 -0.262777E-09 -0.106233E+01 -0.116233E+01  0.100000E+01  0.333333E+00
 -0.208699E-09 -0.106233E+01 -0.116233E+01  0.100000E+01  0.333333E+00
 -0.165437E-09 -0.106233E+01 -0.116233E+01  0.100000E+01  0.333333E+00
 -0.130828E-09 -0.106233E+01 -0.116233E+01  0.100000E+01  0.333333E+00
 -0.103140E-09 -0.106233E+01 -0.116233E+01  0.100000E+01  0.333333E+00
 -0.809898E-10 -0.106233E+01 -0.116233E+01  0.100000E+01  0.333333E+00
 -0.632697E-10 -0.106233E+01 -0.116233E+01  0.100000E+01  0.333333E+00
 -0.490936E-10 -0.106233E+01 -0.116233E+01  0.100000E+01  0.333333E+00
 -0.377527E-10 -0.106233E+01 -0.116233E+01  0.100000E+01  0.333333E+00
 -0.286800E-10 -0.106233E+01 -0.116233E+01  0.100000E+01  0.333333E+00
 -0.214219E-10 -0.106233E+01 -0.116233E+01  0.100000E+01  0.333333E+00
 -0.156154E-10 -0.106233E+01 -0.116233E+01  0.100000E+01  0.333333E+00
 -0.109701E-10 -0.106233E+01 -0.116233E+01  0.100000E+01  0.333333E+00
 -0.725397E-11 -0.106233E+01 -0.116233E+01  0.100000E+01  0.333333E+00
 -0.428103E-11 -0.106233E+01 -0.116233E+01  0.100000E+01  0.333333E+00
 -0.190268E-11 -0.106233E+01 -0.116233E+01  0.100000E+01  0.333333E+00
  0.100000E-17  0.000000E+00 -0.111174E+01  0.602800E-01  0.319122E+00
  0.100000E-09  0.000000E+00 -0.111174E+01  0.602800E-01  0.319122E+00
  0.268759E-09  0.000000E+00 -0.111174E+01  0.602800E-01  0.319122E+00
  0.591271E-09  0.000000E+00 -0.111174E+01  0.602800E-01  0.319122E+00
  0.978284E-09  0.000000E+00 -0.111174E+01  0.602800E-01  0.319122E+00
  0.144270E-08  0.000000E+00 -0.111174E+01  0.602800E-01  0.319122E+00
  0.200000E-08  0.000000E+00 -0.111174E+01  0.602800E-01  0.319122E+00
  0.255730E-08  0.000000E+00 -0.111174E+01  0.602800E-01  0.319122E+00
  0.302172E-08  0.000000E+00 -0.111174E+01  0.602800E-01  0.319122E+00
  0.340873E-08  0.000000E+00 -0.111174E+01  0.602800E-01  0.319122E+00
  0.373124E-08  0.000000E+00 -0.111174E+01  0.602800E-01  0.319122E+00
  0.390000E-08  0.000000E+00 -0.111174E+01  0.602800E-01  0.319122E+00
  0.400000E-08 -0.116733E+01 -0.116733E+01  0.100000E+01  0.333333E+00
  0.400587E-08 -0.116733E+01 -0.116733E+01  0.100000E+01  0.333333E+00
  0.401290E-08 -0.116733E+01 -0.116733E+01  0.100000E+01  0.333333E+00
  0.402135E-08 -0.116733E+01 -0.116733E+01  0.100000E+01  0.333333E+00
  0.403148E-08 -0.116733E+01 -0.116733E+01  0.100000E+01  0.333333E+00
  0.404365E-08 -0.116733E+01 -0.116733E+01  0.100000E+01  0.333333E+00
  0.405824E-08 -0.116733E+01 -0.116733E+01  0.100000E+01  0.333333E+00
  0.407576E-08 -0.116733E+01 -0.116733E+01  0.100000E+01  0.333333E+00
  0.409677E-08 -0.116733E+01 -0.116733E+01  0.100000E+01  0.333333E+00
  0.412199E-08 -0.116733E+01 -0.116733E+01  0.100000E+01  0.333333E+00
  0.415226E-08 -0.116733E+01 -0.116733E+01  0.100000E+01  0.333333E+00
  0.418857E-08 -0.116733E+01 -0.116733E+01  0.100000E+01  0.333333E+00
  0.423215E-08 -0.116733E+01 -0.116733E+01  0.100000E+01  0.333333E+00
  0.428445E-08 -0.116733E+01 -0.116733E+01  0.100000E+01  0.333333E+00
  0.434720E-08 -0.116733E+01 -0.116733E+01  0.100000E+01  0.333333E+00
  0.442251E-08 -0.116733E+01 -0.116733E+01  0.100000E+01  0.333333E+00
  0.451287E-08 -0.116733E+01 -0.116733E+01  0.100000E+01  0.333333E+00
  0.462131E-08 -0.116733E+01 -0.116733E+01  0.100000E+01  0.333333E+00
  0.475144E-08 -0.116733E+01 -0.116733E+01  0.100000E+01  0.333333E+00
  0.490760E-08 -0.116733E+01 -0.116733E+01  0.100000E+01  0.333333E+00
  0.509498E-08 -0.116733E+01 -0.116733E+01  0.100000E+01  0.333333E+00
  0.531984E-08 -0.116733E+01 -0.116733E+01  0.100000E+01  0.333333E+00
  0.558968E-08 -0.116733E+01 -0.116733E+01  0.100000E+01  0.333333E+00
  0.591348E-08 -0.116733E+01 -0.116733E+01  0.100000E+01  0.333333E+00
  0.630204E-08 -0.116733E+01 -0.116733E+01  0.100000E+01  0.333333E+00
  0.676831E-08 -0.116733E+01 -0.116733E+01  0.100000E+01  0.333333E+00
  0.732784E-08 -0.116733E+01 -0.116733E+01  0.100000E+01  0.333333E+00
  0.799927E-08 -0.116733E+01 -0.116733E+01  0.100000E+01  0.333333E+00
  0.880499E-08 -0.116733E+01 -0.116733E+01  0.100000E+01  0.333333E+00
  0.977185E-08 -0.116733E+01 -0.116733E+01  0.100000E+01  0.333333E+00
  0.109321E-07 -0.116733E+01 -0.116733E+01  0.100000E+01  0.333333E+00
  0.123244E-07 -0.116733E+01 -0.116733E+01  0.100000E+01  0.333333E+00
  0.139951E-07 -0.116733E+01 -0.116733E+01  0.100000E+01  0.333333E+00
  0.160000E-07 -0.116733E+01 -0.116733E+01  0.100000E+01  0.333333E+00

           0
 -0.120000E-07 -0.106233E+01 -0.116233E+01  0.100000E+01  0.142857E+00
 -0.959848E-08 -0.106233E+01 -0.116233E+01  0.100000E+01  0.142857E+00
 -0.767726E-08 -0.106233E+01 -0.116233E+01  0.100000E+01  0.142857E+00
 -0.614029E-08 -0.106233E+01 -0.116233E+01  0.100000E+01  0.142857E+00
 -0.491071E-08 -0.106233E+01 -0.116233E+01  0.100000E+01  0.142857E+00
 -0.392704E-08 -0.106233E+01 -0.116233E+01  0.100000E+01  0.142857E+00
 -0.314011E-08 -0.106233E+01 -0.116233E+01  0.100000E+01  0.142857E+00
 -0.251057E-08 -0.106233E+01 -0.116233E+01  0.100000E+01  0.142857E+00
 -0.200693E-08 -0.106233E+01 -0.116233E+01  0.100000E+01  0.142857E+00
 -0.160402E-08 -0.106233E+01 -0.116233E+01  0.100000E+01  0.142857E+00
 -0.128170E-08 -0.106233E+01 -0.116233E+01  0.100000E+01  0.142857E+00
 -0.102384E-08 -0.106233E+01 -0.116233E+01  0.100000E+01  0.142857E+00
 -0.817546E-09 -0.106233E+01 -0.116233E+01  0.100000E+01  0.142857E+00
 -0.652515E-09 -0.106233E+01 -0.116233E+01  0.100000E+01  0.142857E+00
 -0.520490E-09 -0.106233E+01 -0.116233E+01  0.100000E+01  0.142857E+00
 -0.414870E-09 -0.106233E+01 -0.116233E+01  0.100000E+01  0.142857E+00
 -0.330373E-09 -0.106233E+01 -0.116233E+01  0.100000E+01  0.142857E+00
 -0.262777E-09 -0.106233E+01 -0.116233E+01  0.100000E+01  0.142857E+00
 -0.208699E-09 -0.106233E+01 -0.116233E+01  0.100000E+01  0.142857E+00
 -0.165437E-09 -0.106233E+01 -0.116233E+01  0.100000E+01  0.142857E+00
 -0.130828E-09 -0.106233E+01 -0.116233E+01  0.100000E+01  0.142857E+00
 -0.103140E-09 -0.106233E+01 -0.116233E+01  0.100000E+01  0.142857E+00
 -0.809898E-10 -0.106233E+01 -0.116233E+01  0.100000E+01  0.142857E+00
 -0.632697E-10 -0.106233E+01 -0.116233E+01  0.100000E+01  0.142857E+00
 -0.490936E-10 -0.106233E+01 -0.116233E+01  0.100000E+01  0.142857E+00
 -0.377527E-10 -0.106233E+01 -0.116233E+01  0.100000E+01  0.142857E+00
 -0.286800E-10 -0.106233E+01 -0.116233E+01  0.100000E+01  0.142857E+00
 -0.214219E-10 -0.106233E+01 -0.116233E+01  0.100000E+01  0.142857E+00
 -0.156154E-10 -0.106233E+01 -0.116233E+01  0.100000E+01  0.142857E+00
 -0.109701E-10 -0.106233E+01 -0.116233E+01  0.100000E+01  0.142857E+00
 -0.725397E-11 -0.106233E+01 -0.116233E+01  0.100000E+01  0.142857E+00
 -0.428103E-11 -0.106233E+01 -0.116233E+01  0.100000E+01  0.142857E+00
 -0.190268E-11 -0.106233E+01 -0.116233E+01  0.100000E+01  0.142857E+00
  0.100000E-17  0.000000E+00 -0.122827E+01  0.602800E-01  0.719011E-01
  0.100000E-09  0.000000E+00 -0.122827E+01  0.602800E-01  0.719011E-01
  0.268759E-09  0.000000E+00 -0.122827E+01  0.602800E-01  0.719011E-01
  0.591271E-09  0.000000E+00 -0.122827E+01  0.602800E-01  0.719011E-01
  0.978284E-09  0.000000E+00 -0.122827E+01  0.602800E-01  0.719011E-01
  0.144270E-08  0.000000E+00 -0.122827E+01  0.602800E-01  0.719011E-01
  0.200000E-08  0.000000E+00 -0.122827E+01  0.602800E-01  0.719011E-01
  0.255730E-08  0.000000E+00 -0.122827E+01  0.602800E-01  0.719011E-01
  0.302172E-08  0.000000E+00 -0.122827E+01  0.602800E-01  0.719011E-01
  0.340873E-08  0.000000E+00 -0.122827E+01  0.602800E-01  0.719011E-01
  0.373124E-08  0.000000E+00 -0.122827E+01  0.602800E-01  0.719011E-01
  0.390000E-08  0.000000E+00 -0.122827E+01  0.602800E-01  0.719011E-01
  0.400000E-08 -0.116733E+01 -0.116733E+01  0.100000E+01  0.142857E+00
  0.400587E-08 -0.116733E+01 -0.116733E+01  0.100000E+01  0.142857E+00
  0.401290E-08 -0.116733E+01 -0.116733E+01  0.100000E+01  0.142857E+00
  0.402135E-08 -0.116733E+01 -0.116733E+01  0.100000E+01  0.142857E+00
  0.403148E-08 -0.116733E+01 -0.116733E+01  0.100000E+01  0.142857E+00
  0.404365E-08 -0.116733E+01 -0.116733E+01  0.100000E+01  0.142857E+00
  0.405824E-08 -0.116733E+01 -0.116733E+01  0.100000E+01  0.142857E+00
  0.407576E-08 -0.116733E+01 -0.116733E+01  0.100000E+01  0.142857E+00
  0.409677E-08 -0.116733E+01 -0.116733E+01  0.100000E+01  0.142857E+00
  0.412199E-08 -0.116733E+01 -0.116733E+01  0.100000E+01  0.142857E+00
  0.415226E-08 -0.116733E+01 -0.116733E+01  0.100000E+01  0.142857E+00
  0.418857E-08 -0.116733E+01 -0.116733E+01  0.100000E+01  0.142857E+00
  0.423215E-08 -0.116733E+01 -0.116733E+01  0.100000E+01  0.142857E+00
  0.428445E-08 -0.116733E+01 -0.116733E+01  0.100000E+01  0.142857E+00
  0.434720E-08 -0.116733E+01 -0.116733E+01  0.100000E+01  0.142857E+00
  0.442251E-08 -0.116733E+01 -0.116733E+01  0.100000E+01  0.142857E+00
  0.451287E-08 -0.116733E+01 -0.116733E+01  0.100000E+01  0.142857E+00
  0.462131E-08 -0.116733E+01 -0.116733E+01  0.100000E+01  0.142857E+00
  0.475144E-08 -0.116733E+01 -0.116733E+01  0.100000E+01  0.142857E+00
  0.490760E-08 -0.116733E+01 -0.116733E+01  0.100000E+01  0.142857E+00
  0.509498E-08 -0.116733E+01 -0.116733E+01  0.100000E+01  0.142857E+00
  0.531984E-08 -0.116733E+01 -0.116733E+01  0.100000E+01  0.142857E+00
  0.558968E-08 -0.116733E+01 -0.116733E+01  0.100000E+01  0.142857E+00
  0.591348E-08 -0.116733E+01 -0.116733E+01  0.100000E+01  0.142857E+00
  0.630204E-08 -0.116733E+01 -0.116733E+01  0.100000E+01  0.142857E+00
  0.676831E-08 -0.116733E+01 -0.116733E+01  0.100000E+01  0.142857E+00
  0.732784E-08 -0.116733E+01 -0.116733E+01  0.100000E+01  0.142857E+00
  0.799927E-08 -0.116733E+01 -0.116733E+01  0.100000E+01  0.142857E+00
  0.880499E-08 -0.116733E+01 -0.116733E+01  0.100000E+01  0.142857E+00
  0.977185E-08 -0.116733E+01 -0.116733E+01  0.100000E+01  0.142857E+00
  0.109321E-07 -0.116733E+01 -0.116733E+01  0.100000E+01  0.142857E+00
  0.123244E-07 -0.116733E+01 -0.116733E+01  0.100000E+01  0.142857E+00
  0.139951E-07 -0.116733E+01 -0.116733E+01  0.100000E+01  0.142857E+00
  0.160000E-07 -0.116733E+01 -0.116733E+01  0.100000E+01  0.142857E+00

           0
 -0.120000E-07 -0.112533E+01 -0.122533E+01  0.100000E+01  0.333333E+00
 -0.959848E-08 -0.112533E+01 -0.122533E+01  0.100000E+01  0.333333E+00
 -0.767726E-08 -0.112533E+01 -0.122533E+01  0.100000E+01  0.333333E+00
 -0.614029E-08 -0.112533E+01 -0.122533E+01  0.100000E+01  0.333333E+00
 -0.491071E-08 -0.112533E+01 -0.122533E+01  0.100000E+01  0.333333E+00
 -0.392704E-08 -0.112533E+01 -0.122533E+01  0.100000E+01  0.333333E+00
 -0.314011E-08 -0.112533E+01 -0.122533E+01  0.100000E+01  0.333333E+00
 -0.251057E-08 -0.112533E+01 -0.122533E+01  0.100000E+01  0.333333E+00
 -0.200693E-08 -0.112533E+01 -0.122533E+01  0.100000E+01  0.333333E+00
 -0.160402E-08 -0.112533E+01 -0.122533E+01  0.100000E+01  0.333333E+00
 -0.128170E-08 -0.112533E+01 -0.122533E+01  0.100000E+01  0.333333E+00
 -0.102384E-08 -0.112533E+01 -0.122533E+01  0.100000E+01  0.333333E+00
 -0.817546E-09 -0.112533E+01 -0.122533E+01  0.100000E+01  0.333333E+00
 -0.652515E-09 -0.112533E+01 -0.122533E+01  0.100000E+01  0.333333E+00
 -0.520490E-09 -0.112533E+01 -0.122533E+01  0.100000E+01  0.333333E+00
 -0.414870E-09 -0.112533E+01 -0.122533E+01  0.100000E+01  0.333333E+00
 -0.330373E-09 -0.112533E+01 -0.122533E+01  0.100000E+01  0.333333E+00
 -0.262777E-09 -0.112533E+01 -0.122533E+01  0.100000E+01  0.333333E+00
 -0.208699E-09 -0.112533E+01 -0.122533E+01  0.100000E+01  0.333333E+00
 -0.165437E-09 -0.112533E+01 -0.122533E+01  0.100000E+01  0.333333E+00
 -0.130828E-09 -0.112533E+01 -0.122533E+01  0.100000E+01  0.333333E+00
 -0.103140E-09 -0.112533E+01 -0.122533E+01  0.100000E+01  0.333333E+00
 -0.809898E-10 -0.112533E+01 -0.122533E+01  0.100000E+01  0.333333E+00
 -0.632697E-10 -0.112533E+01 -0.122533E+01  0.100000E+01  0.333333E+00
 -0.490936E-10 -0.112533E+01 -0.122533E+01  0.100000E+01  0.333333E+00
 -0.377527E-10 -0.112533E+01 -0.122533E+01  0.100000E+01  0.333333E+00
 -0.286800E-10 -0.112533E+01 -0.122533E+01  0.100000E+01  0.333333E+00
 -0.214219E-10 -0.112533E+01 -0.122533E+01  0.100000E+01  0.333333E+00
 -0.156154E-10 -0.112533E+01 -0.122533E+01  0.100000E+01  0.333333E+00
 -0.109701E-10 -0.112533E+01 -0.122533E+01  0.100000E+01  0.333333E+00
 -0.725397E-11 -0.112533E+01 -0.122533E+01  0.100000E+01  0.333333E+00
 -0.428103E-11 -0.112533E+01 -0.122533E+01  0.100000E+01  0.333333E+00
 -0.190268E-11 -0.112533E+01 -0.122533E+01  0.100000E+01  0.333333E+00
  0.100000E-17  0.000000E+00 -0.117474E+01  0.543200E+00  0.319122E+00
  0.100000E-09  0.000000E+00 -0.117474E+01  0.543200E+00  0.319122E+00
  0.268759E-09  0.000000E+00 -0.117474E+01  0.543200E+00  0.319122E+00
  0.591271E-09  0.000000E+00 -0.117474E+01  0.543200E+00  0.319122E+00
  0.978284E-09  0.000000E+00 -0.117474E+01  0.543200E+00  0.319122E+00
  0.144270E-08  0.000000E+00 -0.117474E+01  0.543200E+00  0.319122E+00
  0.200000E-08  0.000000E+00 -0.117474E+01  0.543200E+00  0.319122E+00
  0.255730E-08  0.000000E+00 -0.117474E+01  0.543200E+00  0.319122E+00
  0.302172E-08  0.000000E+00 -0.117474E+01  0.543200E+00  0.319122E+00
  0.340873E-08  0.000000E+00 -0.117474E+01  0.543200E+00  0.319122E+00
  0.373124E-08  0.000000E+00 -0.117474E+01  0.543200E+00  0.319122E+00
  0.390000E-08  0.000000E+00 -0.117474E+01  0.543200E+00  0.319122E+00
  0.400000E-08 -0.123033E+01 -0.123033E+01  0.100000E+01  0.333333E+00
  0.400587E-08 -0.123033E+01 -0.123033E+01  0.100000E+01  0.333333E+00
  0.401290E-08 -0.123033E+01 -0.123033E+01  0.100000E+01  0.333333E+00
  0.402135E-08 -0.123033E+01 -0.123033E+01  0.100000E+01  0.333333E+00
  0.403148E-08 -0.123033E+01 -0.123033E+01  0.100000E+01  0.333333E+00
  0.404365E-08 -0.123033E+01 -0.123033E+01  0.100000E+01  0.333333E+00
  0.405824E-08 -0.123033E+01 -0.123033E+01  0.100000E+01  0.333333E+00
  0.407576E-08 -0.123033E+01 -0.123033E+01  0.100000E+01  0.333333E+00
  0.409677E-08 -0.123033E+01 -0.123033E+01  0.100000E+01  0.333333E+00
  0.412199E-08 -0.123033E+01 -0.123033E+01  0.100000E+01  0.333333E+00
  0.415226E-08 -0.123033E+01 -0.123033E+01  0.100000E+01  0.333333E+00
  0.418857E-08 -0.123033E+01 -0.123033E+01  0.100000E+01  0.333333E+00
  0.423215E-08 -0.123033E+01 -0.123033E+01  0.100000E+01  0.333333E+00
  0.428445E-08 -0.123033E+01 -0.123033E+01  0.100000E+01  0.333333E+00
  0.434720E-08 -0.123033E+01 -0.123033E+01  0.100000E+01  0.333333E+00
  0.442251E-08 -0.123033E+01 -0.123033E+01  0.100000E+01  0.333333E+00
  0.451287E-08 -0.123033E+01 -0.123033E+01  0.100000E+01  0.333333E+00
  0.462131E-08 -0.123033E+01 -0.123033E+01  0.100000E+01  0.333333E+00
  0.475144E-08 -0.123033E+01 -0.123033E+01  0.100000E+01  0.333333E+00
  0.490760E-08 -0.123033E+01 -0.123033E+01  0.100000E+01  0.333333E+00
  0.509498E-08 -0.123033E+01 -0.123033E+01  0.100000E+01  0.333333E+00
  0.531984E-08 -0.123033E+01 -0.123033E+01  0.100000E+01  0.333333E+00
  0.558968E-08 -0.123033E+01 -0.123033E+01  0.100000E+01  0.333333E+00
  0.591348E-08 -0.123033E+01 -0.123033E+01  0.100000E+01  0.333333E+00
  0.630204E-08 -0.123033E+01 -0.123033E+01  0.100000E+01  0.333333E+00
  0.676831E-08 -0.123033E+01 -0.123033E+01  0.100000E+01  0.333333E+00
  0.732784E-08 -0.123033E+01 -0.123033E+01  0.100000E+01  0.333333E+00
  0.799927E-08 -0.123033E+01 -0.123033E+01  0.100000E+01  0.333333E+00
  0.880499E-08 -0.123033E+01 -0.123033E+01  0.100000E+01  0.333333E+00
  0.977185E-08 -0.123033E+01 -0.123033E+01  0.100000E+01  0.333333E+00
  0.109321E-07 -0.123033E+01 -0.123033E+01  0.100000E+01  0.333333E+00
  0.123244E-07 -0.123033E+01 -0.123033E+01  0.100000E+01  0.333333E+00
  0.139951E-07 -0.123033E+01 -0.123033E+01  0.100000E+01  0.333333E+00
  0.160000E-07 -0.123033E+01 -0.123033E+01  0.100000E+01  0.333333E+00

           0
 -0.120000E-07 -0.112533E+01 -0.122533E+01  0.100000E+01  0.142857E+00
 -0.959848E-08 -0.112533E+01 -0.122533E+01  0.100000E+01  0.142857E+00
 -0.767726E-08 -0.112533E+01 -0.122533E+01  0.100000E+01  0.142857E+00
 -0.614029E-08 -0.112533E+01 -0.122533E+01  0.100000E+01  0.142857E+00
 -0.491071E-08 -0.112533E+01 -0.122533E+01  0.100000E+01  0.142857E+00
 -0.392704E-08 -0.112533E+01 -0.122533E+01  0.100000E+01  0.142857E+00
 -0.314011E-08 -0.112533E+01 -0.122533E+01  0.100000E+01  0.142857E+00
 -0.251057E-08 -0.112533E+01 -0.122533E+01  0.100000E+01  0.142857E+00
 -0.200693E-08 -0.112533E+01 -0.122533E+01  0.100000E+01  0.142857E+00
 -0.160402E-08 -0.112533E+01 -0.122533E+01  0.100000E+01  0.142857E+00
 -0.128170E-08 -0.112533E+01 -0.122533E+01  0.100000E+01  0.142857E+00
 -0.102384E-08 -0.112533E+01 -0.122533E+01  0.100000E+01  0.142857E+00
 -0.817546E-09 -0.112533E+01 -0.122533E+01  0.100000E+01  0.142857E+00
 -0.652515E-09 -0.112533E+01 -0.122533E+01  0.100000E+01  0.142857E+00
 -0.520490E-09 -0.112533E+01 -0.122533E+01  0.100000E+01  0.142857E+00
 -0.414870E-09 -0.112533E+01 -0.122533E+01  0.100000E+01  0.142857E+00
 -0.330373E-09 -0.112533E+01 -0.122533E+01  0.100000E+01  0.142857E+00
 -0.262777E-09 -0.112533E+01 -0.122533E+01  0.100000E+01  0.142857E+00
 -0.208699E-09 -0.112533E+01 -0.122533E+01  0.100000E+01  0.142857E+00
 -0.165437E-09 -0.112533E+01 -0.122533E+01  0.100000E+01  0.142857E+00
 -0.130828E-09 -0.112533E+01 -0.122533E+01  0.100000E+01  0.142857E+00
 -0.103140E-09 -0.112533E+01 -0.122533E+01  0.100000E+01  0.142857E+00
 -0.809898E-10 -0.112533E+01 -0.122533E+01  0.100000E+01  0.142857E+00
 -0.632697E-10 -0.112533E+01 -0.122533E+01  0.100000E+01  0.142857E+00
 -0.490936E-10 -0.112533E+01 -0.122533E+01  0.100000E+01  0.142857E+00
 -0.377527E-10 -0.112533E+01 -0.122533E+01  0.100000E+01  0.142857E+00
 -0.286800E-10 -0.112533E+01 -0.122533E+01  0.100000E+01  0.142857E+00
 -0.214219E-10 -0.112533E+01 -0.122533E+01  0.100000E+01  0.142857E+00
 -0.156154E-10 -0.112533E+01 -0.122533E+01  0.100000E+01  0.142857E+00
 -0.109701E-10 -0.112533E+01 -0.122533E+01  0.100000E+01  0.142857E+00
 -0.725397E-11 -0.112533E+01 -0.122533E+01  0.100000E+01  0.142857E+00
 -0.428103E-11 -0.112533E+01 -0.122533E+01  0.100000E+01  0.142857E+00
 -0.190268E-11 -0.112533E+01 -0.122533E+01  0.100000E+01  0.142857E+00
  0.100000E-17  0.000000E+00 -0.129127E+01  0.543200E+00  0.719011E-01
  0.100000E-09  0.000000E+00 -0.129127E+01  0.543200E+00  0.719011E-01
  0.268759E-09  0.000000E+00 -0.129127E+01  0.543200E+00  0.719011E-01
  0.591271E-09  0.000000E+00 -0.129127E+01  0.543200E+00  0.719011E-01
  0.978284E-09  0.000000E+00 -0.129127E+01  0.543200E+00  0.719011E-01
  0.144270E-08  0.000000E+00 -0.129127E+01  0.543200E+00  0.719011E-01
  0.200000E-08  0.000000E+00 -0.129127E+01  0.543200E+00  0.719011E-01
  0.255730E-08  0.000000E+00 -0.129127E+01  0.543200E+00  0.719011E-01
  0.302172E-08  0.000000E+00 -0.129127E+01  0.543200E+00  0.719011E-01
  0.340873E-08  0.000000E+00 -0.129127E+01  0.543200E+00  0.719011E-01
  0.373124E-08  0.000000E+00 -0.129127E+01  0.543200E+00  0.719011E-01
  0.390000E-08  0.000000E+00 -0.129127E+01  0.543200E+00  0.719011E-01
  0.400000E-08 -0.123033E+01 -0.123033E+01  0.100000E+01  0.142857E+00
  0.400587E-08 -0.123033E+01 -0.123033E+01  0.100000E+01  0.142857E+00
  0.401290E-08 -0.123033E+01 -0.123033E+01  0.100000E+01  0.142857E+00
  0.402135E-08 -0.123033E+01 -0.123033E+01  0.100000E+01  0.142857E+00
  0.403148E-08 -0.123033E+01 -0.123033E+01  0.100000E+01  0.142857E+00
  0.404365E-08 -0.123033E+01 -0.123033E+01  0.100000E+01  0.142857E+00
  0.405824E-08 -0.123033E+01 -0.123033E+01  0.100000E+01  0.142857E+00
  0.407576E-08 -0.123033E+01 -0.123033E+01  0.100000E+01  0.142857E+00
  0.409677E-08 -0.123033E+01 -0.123033E+01  0.100000E+01  0.142857E+00
  0.412199E-08 -0.123033E+01 -0.123033E+01  0.100000E+01  0.142857E+00
  0.415226E-08 -0.123033E+01 -0.123033E+01  0.100000E+01  0.142857E+00
  0.418857E-08 -0.123033E+01 -0.123033E+01  0.100000E+01  0.142857E+00
  0.423215E-08 -0.123033E+01 -0.123033E+01  0.100000E+01  0.142857E+00
  0.428445E-08 -0.123033E+01 -0.123033E+01  0.100000E+01  0.142857E+00
  0.434720E-08 -0.123033E+01 -0.123033E+01  0.100000E+01  0.142857E+00
  0.442251E-08 -0.123033E+01 -0.123033E+01  0.100000E+01  0.142857E+00
  0.451287E-08 -0.123033E+01 -0.123033E+01  0.100000E+01  0.142857E+00
  0.462131E-08 -0.123033E+01 -0.123033E+01  0.100000E+01  0.142857E+00
  0.475144E-08 -0.123033E+01 -0.123033E+01  0.100000E+01  0.142857E+00
  0.490760E-08 -0.123033E+01 -0.123033E+01  0.100000E+01  0.142857E+00
  0.509498E-08 -0.123033E+01 -0.123033E+01  0.100000E+01  0.142857E+00
  0.531984E-08 -0.123033E+01 -0.123033E+01  0.100000E+01  0.142857E+00
  0.558968E-08 -0.123033E+01 -0.123033E+01  0.100000E+01  0.142857E+00
  0.591348E-08 -0.123033E+01 -0.123033E+01  0.100000E+01  0.142857E+00
  0.630204E-08 -0.123033E+01 -0.123033E+01  0.100000E+01  0.142857E+00
  0.676831E-08 -0.123033E+01 -0.123033E+01  0.100000E+01  0.142857E+00
  0.732784E-08 -0.123033E+01 -0.123033E+01  0.100000E+01  0.142857E+00
  0.799927E-08 -0.123033E+01 -0.123033E+01  0.100000E+01  0.142857E+00
  0.880499E-08 -0.123033E+01 -0.123033E+01  0.100000E+01  0.142857E+00
  0.977185E-08 -0.123033E+01 -0.123033E+01  0.100000E+01  0.142857E+00
  0.109321E-07 -0.123033E+01 -0.123033E+01  0.100000E+01  0.142857E+00
  0.123244E-07 -0.123033E+01 -0.123033E+01  0.100000E+01  0.142857E+00
  0.139951E-07 -0.123033E+01 -0.123033E+01  0.100000E+01  0.142857E+00
  0.160000E-07 -0.123033E+01 -0.123033E+01  0.100000E+01  0.142857E+00

           0
